KEY_ESC = [0, 1.5, 63.38125, 206.325];
KEY_1 = [1.25, 1.5, 84.8125, 206.325];
KEY_2 = [2.25, 1.5, 103.86250000000001, 206.325];
KEY_3 = [3.25, 1.5, 122.9125, 206.325];
KEY_4 = [4.25, 1.5, 141.9625, 206.325];
KEY_5 = [5.25, 1.5, 161.0125, 206.325];
KEY_6 = [6.25, 1.5, 180.0625, 206.325];
KEY_7 = [7.25, 1.5, 199.1125, 206.325];
KEY_8 = [8.25, 1.5, 218.1625, 206.325];
KEY_9 = [9.25, 1.5, 237.2125, 206.325];
KEY_0 = [10.25, 1.5, 256.26250000000005, 206.325];
KEY_LT = [11.25, 1.5, 275.3125, 206.325];
KEY_GT = [12.25, 1.5, 294.3625, 206.325];
KEY_BS = [13.25, 1.5, 322.9375, 206.325];
KEY_C_UP = [14.25, 4.5, 332.46250000000003, 263.475];
KEY_C_LEFT = [13.25, 5.5, 313.4125, 282.525];
KEY_C_DOWN = [14.25, 5.5, 332.46250000000003, 282.525];
KEY_C_RIGHT = [15.25, 5.5, 351.5125, 282.525];
KEY_TAB = [0, 2.5, 68.14375, 225.375];
KEY_Q = [1.75, 2.5, 94.3375, 225.375];
KEY_W = [2.75, 2.5, 113.3875, 225.375];
KEY_E = [3.75, 2.5, 132.4375, 225.375];
KEY_R = [4.75, 2.5, 151.4875, 225.375];
KEY_T = [5.75, 2.5, 170.53750000000002, 225.375];
KEY_Y = [6.75, 2.5, 189.5875, 225.375];
KEY_U = [7.75, 2.5, 208.63750000000002, 225.375];
KEY_I = [8.75, 2.5, 227.6875, 225.375];
KEY_O = [9.75, 2.5, 246.7375, 225.375];
KEY_P = [10.75, 2.5, 265.7875, 225.375];
KEY_DASH = [11.75, 2.5, 284.8375, 225.375];
KEY_EQUAL = [12.75, 2.5, 303.88750000000005, 225.375];
KEY_RETURN = [13.75, 2.5, 327.7, 225.375];
KEY_HELP = [16.5, 0, 377.70625, 180.13125];
KEY_RESET = [16.5, 1.5, 377.70625, 208.70624999999998];
KEY_OPTION = [16.5, 2.75, 377.70625, 232.51874999999998];
KEY_SELECT = [16.5, 4, 377.70625, 256.33125];
KEY_CONTROL = [0, 3.5, 70.525, 244.425];
KEY_A = [2, 3.5, 99.1, 244.425];
KEY_S = [3, 3.5, 118.15, 244.425];
KEY_D = [4, 3.5, 137.2, 244.425];
KEY_F = [5, 3.5, 156.25, 244.425];
KEY_G = [6, 3.5, 175.3, 244.425];
KEY_H = [7, 3.5, 194.35, 244.425];
KEY_J = [8, 3.5, 213.4, 244.425];
KEY_K = [9, 3.5, 232.45000000000002, 244.425];
KEY_L = [10, 3.5, 251.5, 244.425];
KEY_SEMI = [11, 3.5, 270.55, 244.425];
KEY_PLUS = [12, 3.5, 289.6, 244.425];
KEY_ASTRIX = [13, 3.5, 308.65, 244.425];
KEY_CAPS = [14, 3.5, 330.08125, 244.425];
KEY_START = [16.5, 5.25, 377.70625, 280.14375];
KEY_POWER = [3.25, 0, 125.29374999999999, 180.13125];
KEY_MENU = [5.25, 0, 163.39374999999998, 180.13125];
KEY_TURBO = [6.5, 0, 187.20624999999998, 180.13125];
KEY_FN = [2, 5.5, 99.1, 282.525];
KEY_LSHIFT = [0.25, 4.5, 77.66875, 263.475];
KEY_Z = [2.5, 4.5, 108.625, 263.475];
KEY_X = [3.5, 4.5, 127.675, 263.475];
KEY_C = [4.5, 4.5, 146.72500000000002, 263.475];
KEY_V = [5.5, 4.5, 165.775, 263.475];
KEY_B = [6.5, 4.5, 184.825, 263.475];
KEY_N = [7.5, 4.5, 203.875, 263.475];
KEY_M = [8.5, 4.5, 222.925, 263.475];
KEY_COMMA = [9.5, 4.5, 241.975, 263.475];
KEY_PERIOD = [10.5, 4.5, 261.025, 263.475];
KEY_SLASH = [11.5, 4.5, 280.07500000000005, 263.475];
KEY_RSHIFT = [12.5, 4.5, 306.26875, 263.475];
KEY_INV = [12.75, 0, 306.26875000000007, 180.13125];
KEY_BREAK = [14, 0, 330.08125, 180.13125];
KEY_SPACE = [4.75, 5.5, 201.49375, 282.525];