KEY_POWER = [3.25, 0, 102.39375, 173.83125];
KEY_MENU = [5.25, 0, 140.49375, 173.83125];
KEY_TURBO = [6.50, 0, 164.30625, 173.83125];
KEY_INV = [12.75, 0, 283.36875, 173.83125];
KEY_BREAK = [14.00, 0, 307.18125, 173.83125];
KEY_HELP = [16.50, 0, 354.80625, 173.83125];
KEY_ESC = [0, 1.50, 40.481250, 200.02500];
KEY_1 = [1.25, 1.50, 61.912500, 200.02500];
KEY_2 = [2.25, 1.50, 80.962500, 200.02500];
KEY_3 = [3.25, 1.50, 100.01250, 200.02500];
KEY_4 = [4.25, 1.50, 119.06250, 200.02500];
KEY_5 = [5.25, 1.50, 138.11250, 200.02500];
KEY_6 = [6.25, 1.50, 157.16250, 200.02500];
KEY_7 = [7.25, 1.50, 176.21250, 200.02500];
KEY_8 = [8.25, 1.50, 195.26250, 200.02500];
KEY_9 = [9.25, 1.50, 214.31250, 200.02500];
KEY_0 = [10.25, 1.50, 233.36250, 200.02500];
KEY_LT = [11.25, 1.50, 252.41250, 200.02500];
KEY_GT = [12.25, 1.50, 271.46250, 200.02500];
KEY_BS = [13.25, 1.50, 300.03750, 200.02500];
KEY_RESET = [16.50, 1.50, 354.80625, 202.40625];
KEY_TAB = [0, 2.50, 45.243750, 219.07500];
KEY_Q = [1.75, 2.50, 71.437500, 219.07500];
KEY_W = [2.75, 2.50, 90.487500, 219.07500];
KEY_E = [3.75, 2.50, 109.53750, 219.07500];
KEY_R = [4.75, 2.50, 128.58750, 219.07500];
KEY_T = [5.75, 2.50, 147.63750, 219.07500];
KEY_Y = [6.75, 2.50, 166.68750, 219.07500];
KEY_U = [7.75, 2.50, 185.73750, 219.07500];
KEY_I = [8.75, 2.50, 204.78750, 219.07500];
KEY_O = [9.75, 2.50, 223.83750, 219.07500];
KEY_P = [10.75, 2.50, 242.88750, 219.07500];
KEY_DASH = [11.75, 2.50, 261.93750, 219.07500];
KEY_EQUAL = [12.75, 2.50, 280.98750, 219.07500];
KEY_RETURN = [13.75, 2.50, 304.80000, 219.07500];
KEY_OPTION = [16.5, 2.75, 354.80625, 226.21875];
KEY_CONTROL = [0, 3.50, 47.625000, 238.12500];
KEY_A = [2, 3.50, 76.200000, 238.12500];
KEY_S = [3, 3.50, 95.250000, 238.12500];
KEY_D = [4, 3.50, 114.30000, 238.12500];
KEY_F = [5, 3.50, 133.35000, 238.12500];
KEY_G = [6, 3.50, 152.40000, 238.12500];
KEY_H = [7, 3.50, 171.45000, 238.12500];
KEY_J = [8, 3.50, 190.50000, 238.12500];
KEY_K = [9, 3.50, 209.55000, 238.12500];
KEY_L = [10, 3.50, 228.60000, 238.12500];
KEY_SEMI = [11, 3.50, 247.65000, 238.12500];
KEY_PLUS = [12, 3.50, 266.70000, 238.12500];
KEY_ASTRIX = [13, 3.50, 285.75000, 238.12500];
KEY_CAPS = [14, 3.50, 307.18125, 238.12500];
KEY_SELECT = [16.5, 4.00, 354.80625, 250.03125];
KEY_LSHIFT = [0.5, 4.50, 57.150000, 257.17500];
KEY_Z = [2.5, 4.50, 85.725000, 257.17500];
KEY_X = [3.5, 4.50, 104.77500, 257.17500];
KEY_C = [4.5, 4.50, 123.82500, 257.17500];
KEY_V = [5.5, 4.50, 142.87500, 257.17500];
KEY_B = [6.5, 4.50, 161.92500, 257.17500];
KEY_N = [7.5, 4.50, 180.97500, 257.17500];
KEY_M = [8.5, 4.50, 200.02500, 257.17500];
KEY_COMMA = [9.5, 4.50, 219.07500, 257.17500];
KEY_PERIOD = [10.5, 4.50, 238.12500, 257.17500];
KEY_SLASH = [11.5, 4.50, 257.17500, 257.17500];
KEY_RSHIFT = [12.5, 4.50, 283.36875, 257.17500];
KEY_C_UP = [14.25, 4.50, 309.56250, 257.17500];
KEY_START = [16.5, 5.25, 354.80625, 273.84375];
KEY_FN = [2, 5.50, 76.200000, 276.22500];
KEY_SPACE = [4.75, 5.50, 178.59375, 276.22500];
KEY_C_LEFT = [13.25, 5.50, 290.51250, 276.22500];
KEY_C_DOWN = [14.25, 5.50, 309.56250, 276.22500];
KEY_C_RIGHT = [15.25, 5.50, 328.61250, 276.22500];