KEY_MENU = [11.5, 1.25, 259.55625, 197.64375];
KEY_TURBO = [12.75, 1.25, 283.36875, 197.64375];
KEY_POWER = [14.00, 1.25, 307.18125, 197.64375];
KEY_HELP = [16.50, 1.25, 354.80625, 197.64375];
KEY_ESC = [0, 2.75, 40.481250, 223.83750];
KEY_1 = [1.25, 2.75, 61.912500, 223.83750];
KEY_2 = [2.25, 2.75, 80.962500, 223.83750];
KEY_3 = [3.25, 2.75, 100.01250, 223.83750];
KEY_4 = [4.25, 2.75, 119.06250, 223.83750];
KEY_5 = [5.25, 2.75, 138.11250, 223.83750];
KEY_6 = [6.25, 2.75, 157.16250, 223.83750];
KEY_7 = [7.25, 2.75, 176.21250, 223.83750];
KEY_8 = [8.25, 2.75, 195.26250, 223.83750];
KEY_9 = [9.25, 2.75, 214.31250, 223.83750];
KEY_0 = [10.25, 2.75, 233.36250, 223.83750];
KEY_LT = [11.25, 2.75, 252.41250, 223.83750];
KEY_GT = [12.25, 2.75, 271.46250, 223.83750];
KEY_BS = [13.25, 2.75, 290.51250, 223.83750];
KEY_BREAK = [14.25, 2.75, 309.56250, 223.83750];
KEY_RESET = [16.50, 2.75, 354.80625, 226.21875];
KEY_TAB = [0, 3.75, 45.243750, 242.88750];
KEY_Q = [1.75, 3.75, 71.437500, 242.88750];
KEY_W = [2.75, 3.75, 90.487500, 242.88750];
KEY_E = [3.75, 3.75, 109.53750, 242.88750];
KEY_R = [4.75, 3.75, 128.58750, 242.88750];
KEY_T = [5.75, 3.75, 147.63750, 242.88750];
KEY_Y = [6.75, 3.75, 166.68750, 242.88750];
KEY_U = [7.75, 3.75, 185.73750, 242.88750];
KEY_I = [8.75, 3.75, 204.78750, 242.88750];
KEY_O = [9.75, 3.75, 223.83750, 242.88750];
KEY_P = [10.75, 3.75, 242.88750, 242.88750];
KEY_DASH = [11.75, 3.75, 261.93750, 242.88750];
KEY_EQUAL = [12.75, 3.75, 280.98750, 242.88750];
KEY_RETURN = [13.75, 3.75, 304.80000, 242.88750];
KEY_OPTION = [16.5, 4.00, 354.80625, 250.03125];
KEY_CONTROL = [0, 4.75, 47.625000, 261.93750];
KEY_A = [2, 4.75, 76.200000, 261.93750];
KEY_S = [3, 4.75, 95.250000, 261.93750];
KEY_D = [4, 4.75, 114.30000, 261.93750];
KEY_F = [5, 4.75, 133.35000, 261.93750];
KEY_G = [6, 4.75, 152.40000, 261.93750];
KEY_H = [7, 4.75, 171.45000, 261.93750];
KEY_J = [8, 4.75, 190.50000, 261.93750];
KEY_K = [9, 4.75, 209.55000, 261.93750];
KEY_L = [10, 4.75, 228.60000, 261.93750];
KEY_SEMI = [11, 4.75, 247.65000, 261.93750];
KEY_PLUS = [12, 4.75, 266.70000, 261.93750];
KEY_ASTRIX = [13, 4.75, 285.75000, 261.93750];
KEY_CAPS = [14, 4.75, 307.18125, 261.93750];
KEY_SELECT = [16.5, 5.25, 354.80625, 273.84375];
KEY_LSHIFT = [0.5, 5.75, 57.150000, 280.98750];
KEY_Z = [2.5, 5.75, 85.725000, 280.98750];
KEY_X = [3.5, 5.75, 104.77500, 280.98750];
KEY_C = [4.5, 5.75, 123.82500, 280.98750];
KEY_V = [5.5, 5.75, 142.87500, 280.98750];
KEY_B = [6.5, 5.75, 161.92500, 280.98750];
KEY_N = [7.5, 5.75, 180.97500, 280.98750];
KEY_M = [8.5, 5.75, 200.02500, 280.98750];
KEY_COMMA = [9.5, 5.75, 219.07500, 280.98750];
KEY_PERIOD = [10.5, 5.75, 238.12500, 280.98750];
KEY_SLASH = [11.5, 5.75, 257.17500, 280.98750];
KEY_RSHIFT = [12.5, 5.75, 283.36875, 280.98750];
KEY_C_UP = [14.25, 5.75, 309.56250, 280.98750];
KEY_INV = [15.25, 5.75, 328.61250, 280.98750];
KEY_START = [16.5, 6.50, 354.80625, 297.65625];
KEY_FN = [2, 6.75, 76.200000, 300.03750];
KEY_SPACE = [4.75, 6.75, 178.59375, 300.03750];
KEY_C_LEFT = [13.25, 6.75, 290.51250, 300.03750];
KEY_C_DOWN = [14.25, 6.75, 309.56250, 300.03750];
KEY_C_RIGHT = [15.25, 6.75, 328.61250, 300.03750];